                                                 
                                                  
                                                  
                                                  
                                                  
                                                  
       010001                        000110       
      1001011                        0010100      
     1000                                0001     
     0011                                0001     
     1101    0101      1001     10011    1010     
     0001    00000    011001    0001     1001     
     0101     1100   10001000   0001     0001     
    10011     10010  01100101  01101     00101    
     1010      000110010  101101001      0111     
     0100       0010000   00111011       1011     
     0010       1011010    0001110       1000     
     0011        10000      00111        1111     
     1101         010        011         1111     
      1101100                        0010011      
       111000                        010000       
                                                  
                                                  
                                                  
                                                  
                                                  
                                                 
01010100011011110010000001110000011100100110111101101101011010
01011100110110010100100000011101000110100001100101001000000101
00110111100101110011011101000110010101101101001000000110100101
11001100100000011000010010000001110011011001010111001001101001
01101111011101010111001100100000011101000110100001101001011011
10011001110010111010101011010001010010000001011010100011110110
1111001110110      110101101011100001011000      1010011111101
010110011001       100010011111100010100101       111001010001
10010000110    01101110001011000100111100110101    01100111001
01001010110    10011111110011000110010100000000    00110100100
11110000101    0001    110000    10100     0111    10010111010
11111100001    0011     1111      0101    00000    00101011110
01110101001    10011    101        111    01001    11010110001
1001010011     11101     00        11     10010     0011010100
10101011000    001001         00         001110    01010101100
00000000011    0100101       010        0100001    01100111110
01110000110    0110110       0110       1111011    10000111101
00111110001    01001111     011010     10000001    11001110011
11100100101    011011111   11111100   011101111    01010110001
101100111000       110001001100101001101011       111001000000
1100001011111      101110101010011010001001      0100000011001
10001101111100010000101001100110111100001001100000011110001010
11111110000000101111110111011001111011010101000110100001110010
00110001100101011001000101000000111010100001010010001010010011
00110011101011010101000011111111100101110011111100000001110100
00101100001011000010101100010100010111000000010000100010011011
10001101100101001110111001111100110101011101011011010111001110
